1000 5
2000 24
3000 55
4000 99
5000 105
6000 134
7000 181
8000 250
9000 331
10000 468
11000 579
12000 622
13000 716
14000 945
15000 899
16000 1098
17000 1501
18000 1333
19000 1304
20000 1908
21000 1729
22000 2150
23000 1989
24000 2108
25000 2707
26000 2586
27000 2783
28000 2923
29000 3492
30000 3278
31000 3775
32000 4149
33000 4684
34000 5210
35000 5879
36000 4983
37000 5237
38000 6482
39000 5785
40000 7087
41000 7538
42000 7015
43000 6732
44000 7843
45000 8256
46000 8576
47000 8571
48000 8617
49000 9450
50000 10368
51000 11122
52000 10896
53000 10448
54000 11450
55000 12232
56000 12901
57000 13110
58000 13520
59000 13733
60000 14890
61000 13730
62000 13997
63000 14625
64000 15203
65000 18336
66000 17439
67000 19689
68000 19130
69000 20526
70000 20736
71000 21495
72000 21379
73000 23873
74000 24231
75000 23354
76000 24125
77000 23452
78000 25704
79000 25289
80000 26155
81000 26876
82000 27521
83000 28651
84000 29743
85000 27394
86000 29528
87000 32861
88000 29250
89000 32917
90000 34587
91000 34463
92000 35013
93000 35057
94000 36876
95000 37021
96000 39588
97000 36403
98000 40914
99000 41387