1000 6
2000 20
3000 22
4000 34
5000 42
6000 47
7000 45
8000 56
9000 58
10000 65
11000 72
12000 78
13000 84
14000 91
15000 98
16000 165
17000 111
18000 117
19000 415
20000 136
21000 137
22000 143
23000 150
24000 195
25000 162
26000 186
27000 176
28000 182
29000 192
30000 195
31000 505
32000 208
33000 215
34000 221
35000 227
36000 320
37000 245
38000 252
39000 306
40000 260
41000 326
42000 273
43000 341
44000 286
45000 293
46000 300
47000 305
48000 312
49000 319
50000 330
51000 338
52000 443
53000 347
54000 353
55000 360
56000 366
57000 449
58000 379
59000 383
60000 466
61000 501
62000 405
63000 412
64000 416
65000 423
66000 482
67000 255
68000 258
69000 266
70000 269
71000 541
72000 549
73000 554
74000 424
75000 284
76000 577
77000 292
78000 761
79000 1057
80000 303
81000 314
82000 665
83000 630
84000 319
85000 322
86000 558
87000 663
88000 342
89000 340
90000 342
91000 349
92000 351
93000 354
94000 357
95000 549
96000 364
97000 381
98000 487
99000 381
100000 399
101000 391
102000 401
103000 534
104000 444
105000 415
106000 537
107000 759
108000 462
109000 566
110000 919
111000 421
112000 449
113000 437
114000 454
115000 558
116000 547
117000 582
118000 486
119000 749
120000 748
121000 552
122000 882
123000 498
124000 602
125000 494
126000 668
127000 492
128000 706
129000 760
130000 865
131000 689
132000 548
133000 533
134000 648
135000 557
136000 523
137000 520
138000 545
139000 1325
140000 531
141000 554
142000 539
143000 543
144000 547
145000 551
146000 1393
147000 982
148000 562
149000 631
150000 1143
151000 1150
152000 654
153000 1163
154000 1172
155000 1198
156000 2196
157000 602
158000 1204
159000 605
160000 1221
161000 1227
162000 1087
163000 1084
164000 1094
165000 628
166000 630
167000 885
168000 1139
169000 1319
170000 649
171000 696
172000 668
173000 656
174000 662
175000 665
176000 1003
177000 673
178000 1916
179000 1167
180000 1177
181000 1180
182000 1204
183000 2002
184000 1201
185000 1416
186000 737
187000 710
188000 714
189000 717
190000 1197
191000 1410
192000 742
193000 734
194000 1305
195000 741
196000 1798
197000 1316
198000 1506
199000 1507
200000 1540
201000 1309
202000 1325
203000 1519
204000 1349
205000 1336
206000 1344
207000 1900
208000 816
209000 1134
210000 1654
211000 803
212000 841
213000 1429
214000 814
215000 1987
216000 1642
217000 826
218000 837
219000 859
220000 1679
221000 848
222000 1465
223000 1462
224000 2097
225000 1514
226000 1511
227000 1487
228000 1494
229000 1758
230000 1542
231000 1506
232000 1547
233000 1523
234000 1527
235000 1539
236000 1538
237000 1824
238000 1560
239000 1561
240000 1654
241000 1607
242000 927
243000 925
244000 927
245000 970
246000 934
247000 2950
248000 1617
249000 1629
250000 1628
251000 1645
252000 1654
253000 2081
254000 1748
255000 1665
256000 974
257000 1021
258000 1688
259000 1724
260000 1745
261000 1709
262000 1750
263000 1719
264000 1007
265000 1744
266000 1897
267000 1018
268000 2291
269000 1782
270000 1764
271000 1775
272000 2189
273000 1871
274000 2086
275000 1907
276000 2443
277000 1852
278000 1984
279000 1844
280000 1065
281000 1829
282000 2039
283000 2153
284000 1905
285000 1873
286000 2299
287000 1879
288000 1883
289000 1910
290000 1912
291000 1898
292000 1907
293000 2019
294000 1994
295000 1924
296000 1931
297000 1947
298000 2008
299000 2288
300000 2392
301000 3604
302000 2819
303000 1170
304000 1155
305000 2952
306000 2933
307000 2998
308000 2069
309000 2230
310000 2138
311000 2477
312000 2111
313000 2042
314000 2071
315000 2408
316000 1204
317000 2542
318000 2467
319000 1318
320000 3741
321000 2137
322000 2456
323000 2521
324000 2162
325000 2242
326000 1259
327000 2624
328000 2190
329000 1253
330000 1611
331000 1296
332000 2705
333000 2456
334000 2193
335000 2191
336000 2201
337000 2348
338000 1297
339000 2891
340000 2246
341000 2230
342000 2324
343000 3103
344000 1696
345000 2658
346000 2504
347000 2264
348000 2273
349000 1328
350000 2295
351000 2302
352000 2563
353000 2631
354000 2869
355000 2326
356000 2329
357000 2940
358000 2684
359000 1366
360000 3046
361000 2357
362000 3144
363000 1479
364000 2769
365000 2776
366000 1667
367000 1395
368000 2400
369000 2410
370000 2051
371000 1428
372000 2415
373000 2433
374000 1423
375000 1598
376000 2712
377000 1653
378000 2472
379000 3230
380000 1449
381000 1459
382000 2945
383000 1538
384000 2923
385000 2512
386000 2526
387000 2918
388000 2532
389000 2539
390000 1484
391000 1491
392000 1494
393000 2701
394000 2628
395000 2575
396000 2588
397000 2593
398000 2719
399000 3139
400000 3375
401000 3252
402000 2830
403000 3977
404000 3522
405000 4448
406000 2868
407000 3170
408000 3034
409000 3218
410000 3239
411000 2689
412000 3320
413000 2706
414000 2702
415000 2708
416000 2841
417000 2722
418000 2737
419000 3381
420000 3011
421000 2747
422000 2776
423000 2757
424000 2806
425000 2770
426000 3068
427000 3642
428000 3401
429000 1678
430000 3270
431000 1645
432000 1648
433000 1671
434000 3456
435000 2838
436000 3019
437000 2852
438000 2889
439000 2872
440000 2885
441000 2918
442000 1683
443000 3882
444000 1690
445000 1693
446000 9192
447000 1726
448000 1708
449000 1711
450000 2940
451000 1749
452000 2947
453000 1723
454000 1812
455000 2988
456000 3189
457000 3714
458000 1747
459000 3167
460000 1752
461000 1760
462000 2140
463000 3172
464000 3167
465000 3043
466000 3365
467000 3047
468000 1788
469000 1833
470000 1791
471000 3587
472000 3276
473000 3107
474000 3093
475000 3354
476000 1813
477000 3135
478000 3124
479000 3293
480000 3133
481000 3201
482000 3669
483000 3079
484000 3171
485000 3164
486000 3284
487000 3703
488000 3472
489000 6944
490000 1866
491000 3204
492000 3479
493000 3675
494000 3264
495000 3716
496000 3235
497000 2941
498000 2754
499000 4030