1000 4
2000 11
3000 15
4000 12
5000 14
6000 17
7000 20
8000 34
9000 20
10000 28
11000 28
12000 26
13000 28
14000 30
15000 32
16000 34
17000 36
18000 38
19000 40
20000 42
21000 44
22000 47
23000 65
24000 51
25000 53
26000 63
27000 57
28000 59
29000 62
30000 64
31000 66
32000 68
33000 70
34000 72
35000 79
36000 77
37000 133
38000 81
39000 83
40000 85
41000 87
42000 89
43000 91
44000 94
45000 96
46000 98
47000 101
48000 129
49000 105
50000 107
51000 109
52000 111
53000 113
54000 115
55000 138
56000 120
57000 122
58000 123
59000 126
60000 127
61000 130
62000 132
63000 145
64000 137
65000 170
66000 141
67000 143
68000 145
69000 147
70000 149
71000 153
72000 161
73000 155
74000 230
75000 160
76000 162
77000 164
78000 167
79000 172
80000 171
81000 179
82000 175
83000 176
84000 265
85000 181
86000 184
87000 186
88000 188
89000 190
90000 193
91000 194
92000 196
93000 198
94000 198
95000 289
96000 201
97000 213
98000 209
99000 254
100000 214
101000 382
102000 221
103000 227
104000 223
105000 345
106000 226
107000 241
108000 230
109000 232
110000 242
111000 251
112000 240
113000 240
114000 389
115000 248
116000 247
117000 250
118000 251
119000 261
120000 252
121000 258
122000 261
123000 268
124000 265
125000 274
126000 510
127000 266
128000 269
129000 383
130000 336
131000 280
132000 282
133000 425
134000 286
135000 288
136000 290
137000 425
138000 298
139000 295
140000 309
141000 472
142000 304
143000 306
144000 447
145000 315
146000 312
147000 315
148000 397
149000 317
150000 320
151000 403
152000 328
153000 327
154000 364
155000 332
156000 334
157000 335
158000 356
159000 381
160000 370
161000 344
162000 346
163000 472
164000 443
165000 517
166000 357
167000 671
168000 385
169000 539
170000 356
171000 360
172000 458
173000 370
174000 577
175000 423
176000 376
177000 508
178000 380
179000 388
180000 377
181000 381
182000 390
183000 710
184000 397
185000 396
186000 409
187000 399
188000 465
189000 563
190000 416
191000 409
192000 519
193000 855
194000 421
195000 421
196000 691
197000 421
198000 517
199000 486
200000 531
201000 424
202000 455
203000 530
204000 433
205000 429
206000 431
207000 434
208000 436
209000 448
210000 496
211000 451
212000 452
213000 458
214000 458
215000 563
216000 461
217000 463
218000 467
219000 468
220000 470
221000 566
222000 474
223000 515
224000 480
225000 481
226000 489
227000 560
228000 494
229000 489
230000 491
231000 498
232000 569
233000 498
234000 501
235000 688
236000 505
237000 506
238000 508
239000 511
240000 512
241000 514
242000 523
243000 519
244000 522
245000 524
246000 526
247000 533
248000 530
249000 534
250000 536
251000 537
252000 564
253000 558
254000 544
255000 545
256000 553
257000 572
258000 552
259000 556
260000 746
261000 550
262000 569
263000 563
264000 589
265000 566
266000 574
267000 570
268000 571
269000 575
270000 577
271000 580
272000 606
273000 586
274000 584
275000 605
276000 589
277000 599
278000 593
279000 746
280000 632
281000 602
282000 601
283000 781
284000 606
285000 615
286000 609
287000 618
288000 617
289000 650
290000 620
291000 623
292000 624
293000 630
294000 690
295000 635
296000 620
297000 640
298000 637
299000 639
300000 641
301000 720
302000 644
303000 654
304000 651
305000 670
306000 654
307000 659
308000 687
309000 662
310000 752
311000 665
312000 757
313000 669
314000 715
315000 677
316000 681
317000 676
318000 687
319000 683
320000 683
321000 686
322000 704
323000 1126
324000 693
325000 703
326000 1003
327000 700
328000 829
329000 1083
330000 705
331000 931
332000 710
333000 711
334000 747
335000 716
336000 721
337000 720
338000 911
339000 726
340000 791
341000 769
342000 787
343000 739
344000 735
345000 737
346000 1073
347000 752
348000 743
349000 832
350000 748
351000 801
352000 836
353000 755
354000 756
355000 758
356000 775
357000 824
358000 766
359000 774
360000 774
361000 773
362000 1060
363000 776
364000 778
365000 869
366000 782
367000 786
368000 808
369000 788
370000 800
371000 798
372000 795
373000 900
374000 1010
375000 804
376000 804
377000 807
378000 830
379000 810
380000 884
381000 977
382000 818
383000 820
384000 822
385000 824
386000 825
387000 828
388000 905
389000 834
390000 835
391000 835
392000 882
393000 842
394000 843
395000 850
396000 840
397000 1102
398000 850
399000 971
400000 838
401000 839
402000 860
403000 863
404000 861
405000 865
406000 888
407000 879
408000 871
409000 923
410000 877
411000 878
412000 1104
413000 883
414000 887
415000 894
416000 895
417000 891
418000 892
419000 899
420000 898
421000 899
422000 1033
423000 1804
424000 906
425000 910
426000 923
427000 929
428000 915
429000 917
430000 931
431000 922
432000 924
433000 1009
434000 928
435000 1422
436000 932
437000 935
438000 950
439000 939
440000 940
441000 977
442000 1092
443000 947
444000 986
445000 951
446000 968
447000 956
448000 957
449000 942
450000 963
451000 962
452000 1005
453000 1401
454000 971
455000 972
456000 976
457000 1133
458000 981
459000 1000
460000 984
461000 1074
462000 988
463000 990
464000 998
465000 1330
466000 1017
467000 999
468000 1001
469000 1011
470000 1005
471000 1006
472000 1009
473000 1013
474000 1054
475000 1017
476000 1021
477000 1020
478000 1024
479000 1045
480000 1032
481000 1038
482000 1082
483000 1374
484000 1115
485000 1037
486000 1086
487000 1041
488000 1057
489000 1117
490000 1047
491000 1050
492000 1054
493000 1061
494000 1075
495000 1154
496000 1060
497000 1686
498000 1214
499000 1068
500000 1090