1000 5595
2000 7329
3000 5386
4000 5597
5000 5942
6000 6931
7000 6474
8000 6082
9000 9292
10000 8752
11000 8855
12000 9502
13000 9824
14000 8863
15000 10191
16000 8750
17000 9292
18000 9399
19000 9801
20000 9793
21000 11824
22000 11535
23000 10283
24000 9314
25000 11622
26000 9313
27000 9492
28000 9327
29000 9792
30000 9890
31000 10870
32000 9514
33000 11619
34000 10393
35000 10383
36000 9998
37000 10578
38000 10723
39000 10504
40000 10263
41000 10223
42000 9808
43000 10845
44000 10285
45000 10427
46000 10896
47000 10559
48000 9819
49000 10010
50000 10303
51000 11428
52000 10190
53000 10395
54000 10160
55000 9678
56000 9830
57000 9859
58000 10198
59000 10018
60000 10115
61000 10002
62000 10100
63000 9927
64000 9852
65000 10094
66000 10786
67000 10789
68000 10967
69000 10777
70000 10559
71000 10399
72000 10419
73000 10396
74000 10753
75000 10383
76000 11584
77000 10462
78000 11277
79000 10456
80000 10442
81000 10436
82000 10379
83000 10343
84000 10312
85000 11235
86000 10317
87000 10557
88000 10383
89000 10438
90000 10453
91000 10666
92000 10543
93000 10879
94000 11072
95000 10499
96000 10834
97000 11014
98000 10429
99000 10733
100000 10585
101000 10414
102000 12332
103000 10521
104000 10490
105000 10403
106000 10574
107000 10601
108000 12791
109000 10797
110000 10765
111000 11163
112000 10538
113000 10460
114000 10297
115000 10370
116000 10594
117000 10471
118000 10344
119000 10497
120000 10382
121000 10485
122000 10411
123000 10487
124000 10840
125000 10883
126000 11189
127000 10844
128000 10741
129000 10706
130000 10364
131000 10384
132000 11444
133000 11019
134000 13672
135000 11250
136000 10926
137000 10984
138000 11028
139000 11286
140000 10966
141000 10941
142000 10951
143000 10974
144000 11044
145000 11536
146000 10877
147000 10977
148000 11529
149000 11280
150000 10943
151000 11021
152000 10934
153000 10959
154000 12568
155000 10990
156000 11376
157000 10918
158000 11378
159000 10900
160000 12227
161000 11112
162000 11052
163000 11389
164000 11039
165000 11115
166000 11867
167000 11579
168000 12671
169000 11307
170000 11153
171000 13057
172000 10975
173000 11309
174000 12614
175000 10957
176000 11082
177000 10921
178000 10942
179000 10971
180000 11387
181000 10941
182000 11026
183000 11859
184000 11028
185000 11476
186000 11498
187000 10967
188000 11027
189000 12741
190000 11249
191000 10905
192000 11019
193000 11070
194000 11004
195000 11419
196000 11084
197000 12513
198000 10957
199000 11039
200000 10984
201000 10931
202000 11554
203000 10899
204000 12334
205000 11248
206000 11132
207000 11124
208000 10953
209000 13362
210000 10924
211000 11601
212000 10885
213000 11278
214000 11113
215000 11160
216000 11073
217000 10978
218000 10969
219000 10929
220000 10892
221000 10851
222000 11554
223000 11037
224000 11174
225000 10886
226000 11230
227000 10892
228000 11012
229000 10950
230000 11208
231000 10921
232000 10951
233000 10908
234000 10931
235000 10984
236000 10934
237000 13270
238000 10903
239000 11147
240000 10906
241000 11396
242000 10919
243000 11011
244000 11693
245000 10880
246000 10972
247000 11385
248000 12256
249000 10950
250000 11615
251000 11075
252000 12292
253000 10854
254000 11270
255000 11082
256000 11082
257000 10884
258000 10981
259000 10931
260000 13536
261000 10945
262000 10920
263000 11622
264000 11589
265000 11603
266000 11588
267000 11714
268000 11622
269000 11592
270000 11891
271000 11647
272000 11872
273000 11800
274000 11551
275000 11589
276000 13588
277000 11511
278000 11887
279000 11984
280000 11540
281000 11562
282000 11612
283000 11592
284000 11484
285000 11393
286000 11878
287000 11579
288000 11588
289000 11713
290000 11792
291000 11560
292000 14389
293000 11832
294000 11531
295000 11464
296000 11563
297000 11564
298000 11749
299000 11805
300000 11668
301000 11544
302000 11521
303000 11637
304000 13418
305000 13367
306000 11543
307000 11533
308000 11534
309000 11527
310000 11879
311000 11593
312000 11698
313000 11717
314000 11666
315000 11780
316000 12086
317000 11559
318000 11523
319000 11618
320000 11569
321000 11632
322000 13613
323000 11706
324000 11562
325000 11549
326000 11592
327000 11419
328000 12087
329000 11549
330000 11609
331000 11570
332000 11612
333000 11734
334000 12004
335000 11723
336000 11752
337000 11860
338000 11950
339000 11888
340000 11512
341000 11762
342000 11799
343000 11575
344000 11368
345000 11485
346000 11524
347000 12054
348000 13441
349000 11514
350000 11577
351000 11535
352000 12979
353000 11608
354000 11600
355000 11993
356000 11649
357000 12086
358000 11589
359000 13127
360000 14025
361000 12059
362000 13147
363000 11732
364000 12479
365000 12081
366000 11558
367000 11826
368000 13921
369000 11792
370000 12016
371000 11659
372000 13213
373000 11498
374000 11571
375000 11595
376000 13133
377000 11832
378000 11548
379000 12246
380000 13527
381000 12193
382000 12028
383000 11532
384000 12072
385000 12062
386000 11754
387000 11758
388000 11886
389000 11564
390000 11790
391000 13823
392000 13844
393000 11598
394000 11637
395000 11524
396000 11511
397000 12061
398000 12035
399000 11559
400000 11929
401000 12009
402000 11960
403000 11861
404000 11613
405000 12231
406000 11953
407000 11971
408000 12060
409000 11598
410000 11610
411000 12192
412000 12282
413000 13163
414000 12101
415000 11986
416000 12011
417000 11593
418000 11571
419000 11559
420000 13764
421000 14003
422000 11791
423000 11575
424000 13487
425000 11680
426000 12288
427000 11546
428000 11642
429000 11541
430000 11737
431000 11601
432000 12379
433000 11558
434000 11719
435000 11874
436000 11603
437000 11534
438000 11563
439000 12962
440000 11562
441000 14028
442000 12052
443000 11560
444000 11607
445000 12121
446000 11632
447000 11625
448000 11784
449000 14313
450000 11811
451000 11566
452000 11640
453000 11813
454000 11898
455000 11609
456000 11720
457000 13337
458000 13749
459000 13182
460000 11624
461000 11632
462000 11861
463000 12169
464000 12227
465000 12049
466000 12178
467000 13839
468000 13242
469000 12853
470000 12040
471000 11533
472000 12029
473000 12144
474000 11517
475000 12116
476000 12146
477000 11804
478000 11758
479000 11613
480000 11657
481000 13072
482000 13060
483000 13936
484000 12634
485000 11550
486000 11525
487000 11587
488000 11542
489000 11540
490000 11659
491000 12062
492000 12256
493000 12373
494000 13177
495000 12154
496000 11628
497000 14455
498000 12113
499000 12755