1000 3
2000 4
3000 10
4000 10
5000 16
6000 19
7000 15
8000 17
9000 29
10000 32
11000 24
12000 25
13000 35
14000 31
15000 32
16000 34
17000 41
18000 38
19000 40
20000 44
21000 44
22000 47
23000 49
24000 51
25000 53
26000 55
27000 57
28000 59
29000 62
30000 64
31000 66
32000 69
33000 70
34000 75
35000 75
36000 77
37000 79
38000 81
39000 83
40000 85
41000 91
42000 89
43000 91
44000 103
45000 96
46000 98
47000 100
48000 102
49000 104
50000 106
51000 109
52000 111
53000 113
54000 115
55000 128
56000 120
57000 122
58000 124
59000 126
60000 128
61000 131
62000 133
63000 135
64000 136
65000 139
66000 141
67000 143
68000 144
69000 148
70000 149
71000 152
72000 153
73000 156
74000 158
75000 160
76000 165
77000 165
78000 242
79000 169
80000 171
81000 173
82000 174
83000 178
84000 179
85000 181
86000 183
87000 185
88000 187
89000 191
90000 192
91000 194
92000 197
93000 199
94000 200
95000 207
96000 205
97000 208
98000 209
99000 211