1000 3
2000 10
3000 15
4000 20
5000 14
6000 17
7000 19
8000 23
9000 36
10000 55
11000 31
12000 31
13000 32
14000 82
15000 32
16000 34
17000 43
18000 38
19000 40
20000 50
21000 45
22000 47
23000 49
24000 51
25000 53
26000 55
27000 57
28000 59
29000 68
30000 63
31000 66
32000 69
33000 70
34000 72
35000 74
36000 76
37000 78
38000 80
39000 82
40000 85
41000 87
42000 89
43000 91
44000 130
45000 95
46000 97
47000 100
48000 102
49000 105
50000 106
51000 108
52000 111
53000 113
54000 114
55000 117
56000 119
57000 121
58000 142
59000 125
60000 127
61000 130
62000 132
63000 134
64000 136
65000 138
66000 140
67000 143
68000 147
69000 161
70000 149
71000 187
72000 153
73000 155
74000 157
75000 164
76000 161
77000 164
78000 165
79000 174
80000 170
81000 172
82000 228
83000 178
84000 178
85000 180
86000 183
87000 184
88000 187
89000 192
90000 192
91000 193
92000 195
93000 221
94000 200
95000 204
96000 235
97000 206
98000 208
99000 212