1000 6
2000 16
3000 28
4000 33
5000 40
6000 49
7000 46
8000 42
9000 47
10000 46
11000 47
12000 42
13000 47
14000 77
15000 57
16000 51
17000 50
18000 56
19000 62
20000 79
21000 112
22000 98
23000 92
24000 79
25000 83
26000 82
27000 81
28000 118
29000 99
30000 91
31000 97
32000 135
33000 113
34000 109
35000 121
36000 174
37000 123
38000 113
39000 111
40000 199
41000 129
42000 207
43000 131
44000 134
45000 175
46000 133
47000 126
48000 171
49000 144
50000 142
51000 135
52000 147
53000 141
54000 155
55000 160
56000 154
57000 173
58000 161
59000 154
60000 159
61000 166
62000 161
63000 188
64000 172
65000 176
66000 186
67000 180
68000 181
69000 179
70000 182
71000 201
72000 227
73000 203
74000 192
75000 197
76000 203
77000 199
78000 219
79000 249
80000 219
81000 218
82000 210
83000 213
84000 238
85000 228
86000 239
87000 282
88000 236
89000 229
90000 287
91000 266
92000 256
93000 252
94000 242
95000 257
96000 319
97000 258
98000 255
99000 253