1000 108
2000 559
3000 364
4000 492
5000 1347
6000 667
7000 1609
8000 783
9000 2393
10000 990
11000 3482
12000 3638
13000 4251
14000 4310
15000 4097
16000 3043
17000 2188
18000 4638
19000 5369
20000 2283
21000 5478
22000 6157
23000 6325
24000 6999
25000 7119
26000 7337
27000 8058
28000 7947
29000 9026
30000 9077
31000 9020
32000 9432
33000 10091
34000 10869
35000 10870
36000 11847
37000 10826
38000 12482
39000 12197
40000 12378
41000 5230
42000 9581
43000 13450
44000 14479
45000 10813
46000 14830
47000 15426
48000 16077
49000 15881
50000 15527
51000 13882
52000 5776
53000 6935
54000 17267
55000 11155
56000 18227
57000 20893
58000 18373
59000 19774
60000 21429
61000 18344
62000 8479
63000 9715
64000 22171
65000 17622
66000 11665
67000 11612
68000 11435
69000 9383
70000 12660
71000 12166
72000 10487
73000 12525
74000 20531
75000 22098
76000 13390
77000 13639
78000 14446
79000 12777
80000 27368
81000 13900
82000 23664
83000 24452
84000 10976
85000 29619
86000 28778
87000 27098
88000 10978
89000 30740
90000 11218
91000 11494
92000 11336
93000 21964
94000 21422
95000 16817
96000 31047
97000 32243
98000 31934
99000 28926
100000 12133
101000 33557
102000 22698
103000 36315
104000 34938
105000 25258
106000 37626
107000 35488
108000 35620
109000 36508
110000 33927
111000 26748
112000 13930
113000 14372
114000 38172
115000 26374
116000 26360
117000 14385
118000 14833
119000 16342
120000 42150
121000 34385
122000 42936
123000 15409
124000 41747
125000 19760
126000 15805
127000 26670
128000 42469
129000 37857
130000 16118
131000 44888
132000 44459
133000 43748
134000 32243
135000 22306
136000 25805
137000 25999
138000 35073
139000 36757
140000 20809
141000 27985
142000 25340
143000 23012
144000 26003
145000 26922
146000 24422
147000 24211
148000 25935
149000 30391
150000 24704
151000 21368
152000 22306
153000 31786
154000 30283
155000 38121
156000 19754
157000 54474
158000 33517
159000 20445
160000 21721
161000 21362
162000 32048
163000 45391
164000 23096
165000 23320
166000 25000
167000 27920
168000 32657
169000 36935
170000 37924
171000 34491
172000 32143
173000 31928
174000 30247
175000 34592
176000 33254
177000 37517
178000 29314
179000 30029
180000 37653
181000 36327
182000 33667
183000 34264
184000 35435
185000 32538
186000 32690
187000 31527
188000 30446
189000 26475
190000 68075
191000 39363
192000 48909
193000 44880
194000 47348
195000 67735
196000 69645
197000 65305
198000 39174
199000 28865
200000 29952
201000 35089
202000 28713
203000 40188
204000 32393
205000 29540
206000 29307
207000 33280
208000 31198
209000 31831
210000 30329
211000 32533
212000 31686
213000 31645
214000 31490
215000 31832
216000 34278
217000 34210
218000 32937
219000 31525
220000 33521
221000 33451
222000 34960
223000 33665
224000 33464
225000 35439
226000 35577
227000 50782
228000 45747
229000 31817
230000 32444
231000 32468
232000 32666
233000 33579
234000 86705
235000 81082
236000 33134
237000 36933
238000 38092
239000 38430
240000 35170
241000 35692
242000 40093
243000 35459
244000 38132
245000 36279
246000 36871
247000 37185
248000 42097
249000 37829
250000 39582
251000 36313
252000 37854
253000 39516
254000 38518
255000 43906
256000 36567
257000 45321
258000 38214
259000 39722
260000 38321
261000 38609
262000 41271
263000 45706
264000 42221
265000 41146
266000 40513
267000 40585
268000 41352
269000 41267
270000 41239
271000 44750
272000 39755
273000 40170
274000 40168
275000 49393
276000 42137
277000 42406
278000 42251
279000 42249
280000 42724
281000 44854
282000 41876
283000 42363
284000 48502
285000 43194
286000 45791
287000 43165
288000 43272
289000 48144
290000 47137
291000 44250
292000 44869
293000 47503
294000 47112
295000 45773
296000 44320
297000 45677
298000 44512
299000 50079
300000 43352
301000 51580
302000 48108
303000 50617
304000 43138
305000 49925
306000 49563
307000 47465
308000 47139
309000 46537
310000 51662
311000 47092
312000 47449
313000 48415
314000 47073
315000 52129
316000 46320
317000 46678
318000 51916
319000 45088
320000 50050
321000 76357
322000 46258
323000 50419
324000 75565
325000 48417
326000 78958
327000 110367
328000 63693
329000 50204
330000 50570
331000 51251
332000 52366
333000 52001
334000 59389
335000 78408
336000 51117
337000 53436
338000 49870
339000 51132
340000 55658
341000 55949
342000 49406
343000 48998
344000 70578
345000 64723
346000 106474
347000 111460
348000 59070
349000 52971
350000 59698
351000 53054
352000 59521
353000 59089
354000 56618
355000 59291
356000 54207
357000 56629
358000 59575
359000 57723
360000 58022
361000 53653
362000 70104
363000 91980
364000 51703
365000 60374
366000 52555
367000 55615
368000 70136
369000 58562
370000 60540
371000 59594
372000 58089
373000 56027
374000 58403
375000 57698
376000 61535
377000 56233
378000 56182
379000 65068
380000 61976
381000 58745
382000 61197
383000 57758
384000 59045
385000 55994
386000 64503
387000 61409
388000 60892
389000 79716
390000 61247
391000 127359
392000 70744
393000 61065
394000 56806
395000 59737
396000 62177
397000 63426
398000 64157
399000 85219
400000 105939
401000 62786
402000 61369
403000 61543
404000 67903
405000 62792
406000 66216
407000 63632
408000 66732
409000 60121
410000 63578
411000 66975
412000 60463
413000 66956
414000 60099
415000 62997
416000 67086
417000 74901
418000 60994
419000 66033
420000 61486
421000 65252
422000 69737
423000 65081
424000 64762
425000 66258
426000 67470
427000 66967
428000 68951
429000 66396
430000 70980
431000 66952
432000 64555
433000 71888
434000 66771
435000 73328
436000 80180
437000 67005
438000 82051
439000 103571
440000 69383
441000 79895
442000 73463
443000 67492
444000 74341
445000 69356
446000 74363
447000 117218
448000 87619
449000 126376
450000 94341
451000 77123
452000 71648
453000 66914
454000 69334
455000 71964
456000 77013
457000 72046
458000 68932
459000 75241
460000 73045
461000 107719
462000 72899
463000 69591
464000 70367
465000 113966
466000 91833
467000 72327
468000 83498
469000 108693
470000 74236
471000 74506
472000 87491
473000 70873
474000 123465
475000 74650
476000 143920
477000 129099
478000 75705
479000 74988
480000 73465
481000 73356
482000 79187
483000 71561
484000 77385
485000 91542
486000 117337
487000 78309
488000 89690
489000 76638
490000 78228
491000 81481
492000 87418
493000 89983
494000 74832
495000 80240
496000 80106
497000 78910
498000 75070
499000 75706