1000 1249
2000 2417
3000 3676
4000 4949
5000 6093
6000 7293
7000 8482
8000 9688
9000 11016
10000 12186
11000 13532
12000 14694
13000 15799
14000 17123
15000 18546
16000 19782
17000 20923
18000 22002
19000 23163
20000 24593
21000 25700
22000 26827
23000 28324
24000 29611
25000 30730
26000 31765
27000 33021
28000 34478
29000 35559
30000 36716
31000 38167
32000 39137
33000 40454
34000 41633
35000 42755
36000 44031
37000 45054
38000 46599
39000 47979
40000 48819
41000 50130
42000 51359
43000 52830
44000 53904
45000 54886
46000 56612
47000 58114
48000 58611
49000 60136
50000 61191
51000 62288
52000 63470
53000 65205
54000 66119
55000 67550
56000 68674
57000 69824
58000 71090
59000 72538
60000 73651
61000 74628
62000 76111
63000 77265
64000 78930
65000 79626
66000 80982
67000 82276
68000 83459
69000 84649
70000 85636
71000 86834
72000 88678
73000 89144
74000 91006
75000 91843
76000 92728
77000 94575
78000 95223
79000 96600
80000 98205
81000 99306
82000 100782
83000 101507
84000 102974
85000 104373
86000 105384
87000 106411
88000 107941
89000 109135
90000 110693
91000 111579
92000 112980
93000 114324
94000 115441
95000 116385
96000 117774
97000 119511
98000 120543
99000 121671
100000 122702
101000 123885
102000 125330
103000 126202
104000 127982
105000 128820
106000 130355
107000 131883
108000 132223
109000 133752
110000 135093
111000 136217
112000 137293
113000 138815
114000 140094
115000 141029
116000 142160
117000 143566
118000 144892
119000 146368
120000 147046
121000 148208
122000 149756
123000 150571
124000 152137
125000 153821
126000 154518
127000 155597
128000 156542
129000 158114
130000 159435
131000 160564
132000 162502
133000 162978
134000 164686
135000 166204
136000 167237
137000 167724
138000 169101
139000 170116
140000 171833
141000 173189
142000 174627
143000 175414
144000 176926
145000 176920
146000 179287
147000 180618
148000 181736
149000 182508
150000 183770
151000 185116
152000 186540
153000 187431
154000 188811
155000 190207
156000 191254
157000 193155
158000 193728
159000 194883
160000 196272
161000 197811
162000 199160
163000 200221
164000 201692
165000 202638
166000 203915
167000 205243
168000 206272
169000 207401
170000 208872
171000 210315
172000 210871
173000 212550
174000 213799
175000 215592
176000 216274
177000 217533
178000 218470
179000 219533
180000 221204
181000 222833
182000 223495
183000 224833
184000 226600
185000 227321
186000 228481
187000 229060
188000 230566
189000 231831
190000 233422
191000 234671
192000 235292
193000 237194
194000 238275
195000 239327
196000 240665
197000 242125
198000 242707
199000 243815
200000 245646
201000 246254
202000 248424
203000 249370
204000 250614
205000 251540
206000 253059
207000 253932
208000 255516
209000 256608
210000 257737
211000 259377
212000 260789
213000 261616
214000 263130
215000 263935
216000 264987
217000 266209
218000 267433
219000 269227
220000 269880
221000 271283
222000 272278
223000 273971
224000 274393
225000 275836
226000 277707
227000 279045
228000 280076
229000 280748
230000 282459
231000 283976
232000 284552
233000 286324
234000 287033
235000 288634
236000 289424
237000 291259
238000 292394
239000 293316
240000 294614
241000 296242
242000 297437
243000 298408
244000 300397
245000 300584
246000 302661
247000 303696
248000 303910
249000 305341
250000 306489
251000 308347
252000 309519
253000 311007
254000 311603
255000 312664
256000 314121
257000 315685
258000 316841
259000 317495
260000 318523
261000 320622
262000 321921
263000 322141
264000 323931
265000 325743
266000 326742
267000 327941
268000 329214
269000 330851
270000 331308
271000 333056
272000 333812
273000 334962
274000 336575
275000 337865
276000 339788
277000 340922
278000 341164
279000 342303
280000 343661
281000 345427
282000 346463
283000 347436
284000 348913
285000 350079
286000 351282
287000 351986
288000 353767
289000 354563
290000 355954
291000 356493
292000 358625
293000 359675
294000 360911
295000 361490
296000 363902
297000 365049
298000 366347
299000 367276
300000 368193
301000 369788
302000 371344
303000 372191
304000 373785
305000 374598
306000 374932
307000 377130
308000 378734
309000 379332
310000 380705
311000 381136
312000 383781
313000 384878
314000 386602
315000 386380
316000 388337
317000 389833
318000 390280
319000 392080
320000 393351
321000 393995
322000 396446
323000 396344
324000 397510
325000 399204
326000 400995
327000 401776
328000 403103
329000 404299
330000 405600
331000 406886
332000 407646
333000 409212
334000 409702
335000 411967
336000 412872
337000 413701
338000 415372
339000 416171
340000 418234
341000 418718
342000 420079
343000 422494
344000 422625
345000 424056
346000 424433
347000 425481
348000 427090
349000 427524
350000 429159
351000 431440
352000 432860
353000 433441
354000 435324
355000 435946
356000 437066
357000 438175
358000 439130
359000 441078
360000 442895
361000 443146
362000 444862
363000 445446
364000 446351
365000 448997
366000 450336
367000 451158
368000 451181
369000 453954
370000 454313
371000 455229
372000 456571
373000 457675
374000 459366
375000 460269
376000 461308
377000 463114
378000 464508
379000 466228
380000 466729
381000 467588
382000 467707
383000 470082
384000 470843
385000 472836
386000 474261
387000 475157
388000 476482
389000 476606
390000 478618
391000 479249
392000 479816
393000 482591
394000 485037
395000 484745
396000 485674
397000 487781
398000 488986
399000 489549
400000 490371
401000 492366
402000 494360
403000 494554
404000 495742
405000 496495
406000 499082
407000 499590
408000 500874
409000 501724
410000 503095
411000 504753
412000 505672
413000 507473
414000 508246
415000 509235
416000 509880
417000 512393
418000 512315
419000 513505
420000 514927
421000 516368
422000 519014
423000 520382
424000 520046
425000 521728
426000 522556
427000 523753
428000 525424
429000 527020
430000 527788
431000 528937
432000 530859
433000 531341
434000 532657
435000 533693
436000 535554
437000 536845
438000 537232
439000 538665
440000 539989
441000 541575
442000 542632
443000 543071
444000 544529
445000 546446
446000 547290
447000 549557
448000 548595
449000 550247
450000 551461
451000 552960
452000 554924
453000 556988
454000 557547
455000 558587
456000 558994
457000 560930
458000 561499
459000 562565
460000 565426
461000 565956
462000 567322
463000 568438
464000 569274
465000 570160
466000 572691
467000 574228
468000 574407
469000 575270
470000 576690
471000 578516
472000 580120
473000 580121
474000 582273
475000 583191
476000 584421
477000 585068
478000 586614
479000 588199
480000 589282
481000 590861
482000 591751
483000 592926
484000 594401
485000 595409
486000 596424
487000 597209
488000 598354
489000 600371
490000 602279
491000 603287
492000 603942
493000 605840
494000 606379
495000 606868
496000 608944
497000 609819
498000 610942
499000 612241