1000 184
2000 302
3000 476
4000 571
5000 787
6000 873
7000 1209
8000 1479
9000 1392
10000 1479
11000 2016
12000 2057
13000 2161
14000 2259
15000 2319
16000 2497
17000 2514
18000 3264
19000 3321
20000 3968
21000 3535
22000 3744
23000 5375
24000 3843
25000 3880
26000 4026
27000 4117
28000 4185
29000 5735
30000 5415
31000 5820
32000 5576
33000 5727
34000 6040
35000 5896
36000 6418
37000 6091
38000 6633
39000 6259
40000 7780
41000 6488
42000 7702
43000 6718
44000 8264
45000 7585
46000 7113
47000 8872
48000 9271
49000 12295
50000 11959
51000 9430
52000 9578
53000 9397
54000 10778
55000 10337
56000 10257
57000 10573
58000 10914
59000 10481
60000 11142
61000 56359
62000 16995
63000 11597
64000 11326
65000 11717
66000 11564
67000 12167
68000 13828
69000 14129
70000 11727
71000 11262
72000 14761
73000 11544
74000 14731
75000 13491
76000 14923
77000 15207
78000 15722
79000 14745
80000 16076
81000 15189
82000 15140
83000 15353
84000 15392
85000 15374
86000 16138
87000 16513
88000 17856
89000 17153
90000 15862
91000 17483
92000 18310
93000 16247
94000 16252
95000 16430
96000 18624
97000 16927
98000 16769
99000 16863
100000 17155
101000 17289
102000 18061
103000 18256
104000 17450
105000 17447
106000 18306
107000 17696
108000 17781
109000 18776
110000 18171
111000 19014
112000 18599
113000 18348
114000 18727
115000 19299
116000 18963
117000 18939
118000 20138
119000 20259
120000 21185
121000 19185
122000 24163
123000 23974
124000 25609
125000 24867
126000 26798
127000 24222
128000 24275
129000 24403
130000 25568
131000 24724
132000 24783
133000 24757
134000 25108
135000 27071
136000 26333
137000 25471
138000 25389
139000 26177
140000 27205
141000 25669
142000 27052
143000 25857
144000 26404
145000 27173
146000 28808
147000 28051
148000 26486
149000 28402
150000 28120
151000 27392
152000 26924
153000 31130
154000 27088
155000 28304
156000 27259
157000 28864
158000 28867
159000 27588
160000 27741
161000 27855
162000 28518
163000 28800
164000 28416
165000 29751
166000 29647
167000 28451
168000 30576
169000 28751
170000 28852
171000 29214
172000 29114
173000 29600
174000 31723
175000 31992
176000 30834
177000 29779
178000 29720
179000 29792
180000 31364
181000 30050
182000 31188
183000 33419
184000 31911
185000 30579
186000 30744
187000 30837
188000 30791
189000 32487
190000 31349
191000 31347
192000 33087
193000 31717
194000 32799
195000 31624
196000 33729
197000 39799
198000 42002
199000 39419
200000 39516
201000 39282
202000 39611
203000 41861
204000 40458
205000 40134
206000 39911
207000 41705
208000 40079
209000 43620
210000 43091
211000 40355
212000 41236
213000 42398
214000 40683
215000 41294
216000 42659
217000 41278
218000 41497
219000 43153
220000 42246
221000 41383
222000 41500
223000 45590
224000 41916
225000 41948
226000 42127
227000 45399
228000 42356
229000 42518
230000 45027
231000 42469
232000 42691
233000 47806
234000 49948
235000 45028
236000 43712
237000 46075
238000 43297
239000 43455
240000 44801
241000 46028
242000 43581
243000 43892
244000 46787
245000 44144
246000 44328
247000 46228
248000 45606
249000 46962
250000 45695
251000 45117
252000 44988
253000 45007
254000 45598
255000 45411
256000 47246
257000 46260
258000 45753
259000 47039
260000 45586
261000 49879
262000 49697
263000 51665
264000 47655
265000 47149
266000 46893
267000 50002
268000 47623
269000 47592
270000 47750
271000 48577
272000 47620
273000 48570
274000 47834
275000 50138
276000 47481
277000 47562
278000 49879
279000 50364
280000 48730
281000 48817
282000 48072
283000 48263
284000 48321
285000 48420
286000 51632
287000 49311
288000 51744
289000 52011
290000 50700
291000 49177
292000 49371
293000 49424
294000 51358
295000 51953
296000 49561
297000 52933
298000 49917
299000 53229
300000 50215
301000 50100
302000 52315
303000 50855
304000 53862
305000 51361
306000 51871
307000 52080
308000 50976
309000 51127
310000 53405
311000 51405
312000 52128
313000 51791
314000 51650
315000 53447
316000 53868
317000 52830
318000 63672
319000 64259
320000 69311
321000 64190
322000 66358
323000 65713
324000 64616
325000 64697
326000 64927
327000 66501
328000 65092
329000 69312
330000 65906
331000 67209
332000 65128
333000 65538
334000 67515
335000 65559
336000 69442
337000 65628
338000 66433
339000 67227
340000 66071
341000 68142
342000 66266
343000 66333
344000 66795
345000 66805
346000 70631
347000 67067
348000 68150
349000 67857
350000 70970
351000 67158
352000 67189
353000 67241
354000 67396
355000 71431
356000 68953
357000 71619
358000 71205
359000 68284
360000 70771
361000 68282
362000 68254
363000 68376
364000 71049
365000 69091
366000 71909
367000 68855
368000 73956
369000 71309
370000 72472
371000 70919
372000 70636
373000 73268
374000 72876
375000 69896
376000 70197
377000 70145
378000 70468
379000 78439
380000 70542
381000 70758
382000 77905
383000 70712
384000 70974
385000 71378
386000 71233
387000 74924
388000 74574
389000 71498
390000 71515
391000 71876
392000 71720
393000 71625
394000 75323
395000 72606
396000 75482
397000 72141
398000 76307
399000 77047
400000 72652
401000 74063
402000 76052
403000 75401
404000 73154
405000 75248
406000 73818
407000 75263
408000 77163
409000 78754
410000 74114
411000 75959
412000 77217
413000 78670
414000 75497
415000 76163
416000 74318
417000 76981
418000 75547
419000 77423
420000 75745
421000 77576
422000 75402
423000 75342
424000 75168
425000 76592
426000 76281
427000 80177
428000 79623
429000 76152
430000 76093
431000 82849
432000 76359
433000 76522
434000 76707
435000 76889
436000 76830
437000 78432
438000 77032
439000 79911
440000 77407
441000 79585
442000 80385
443000 78000
444000 77666
445000 78018
446000 81033
447000 83312
448000 78856
449000 79427
450000 80277
451000 79657
452000 78502
453000 80663
454000 79510
455000 79253
456000 81509
457000 82570
458000 79230
459000 83258
460000 79434
461000 79628
462000 82433
463000 83052
464000 79908
465000 83926
466000 80331
467000 84728
468000 81422
469000 80774
470000 80591
471000 83179
472000 81750
473000 83233
474000 82261
475000 81330
476000 83441
477000 81528
478000 85079
479000 84336
480000 82409
481000 86715
482000 82483
483000 82454
484000 85025
485000 83085
486000 83850
487000 82863
488000 82857
489000 84388
490000 83115
491000 86676
492000 84528
493000 85934
494000 83284
495000 90039
496000 87252
497000 83841
498000 84320
499000 84030