1000 25741
2000 93653
3000 189979
4000 332191
5000 468431
6000 673728
7000 912668
8000 1195787
9000 1385480
10000 1707228
11000 2070080
12000 2476813
13000 2922518
14000 3377396
15000 3882580
16000 4425334
17000 4637206
18000 5199662
19000 5812855
20000 6441831
21000 7107142
22000 7814632
23000 8531903
24000 9292218
25000 10087345
26000 10893874
27000 11718551
28000 12592790
29000 13500543
30000 14458372
31000 15435879
32000 16453722
33000 16354707
34000 17343876
35000 18386794
36000 19418006
37000 20523195
38000 21647515
39000 22820059
40000 24005614
41000 25211118
42000 26498417
43000 27799046
44000 29084820
45000 30396272
46000 31763668
47000 33146573
48000 34548806
49000 36035485
50000 37542659
51000 39071021
52000 40619612
53000 42164945
54000 43776209
55000 45434781
56000 47150930
57000 48821346
58000 50489378
59000 52238877
60000 54033974
61000 55834631
62000 57690231
63000 59626005
64000 61543588
65000 63460632
66000 61302888
67000 63206552
68000 65113054
69000 66964206
70000 68910063
71000 70947842
72000 72941288
73000 74926958
74000 76968281
75000 79096225
76000 81231136
77000 83316137
78000 85525643
79000 87710279
80000 89930384
81000 92121546
82000 94366873
83000 96686447
84000 99055859
85000 101477376
86000 103863642
87000 106270628
88000 108733276
89000 111255258
90000 113732532
91000 116285492
92000 118855027
93000 121436505
94000 124163649
95000 126815483
96000 129561248
97000 132292931
98000 134950438
99000 137822405