1000 2145
2000 4055
3000 6420
4000 9171
5000 11816
6000 14604
7000 17553
8000 19414
9000 22177
10000 24635
11000 27205
12000 29786
13000 32285
14000 35416
15000 38346
16000 40154
17000 43218
18000 45249
19000 47854
20000 50376
21000 52081
22000 54136
23000 56847
24000 59468
25000 62005
26000 64516
27000 66686
28000 69407
29000 72013
30000 74858
31000 77099
32000 79490
33000 81863
34000 84563
35000 88254
36000 91761
37000 95209
38000 97744
39000 100516
40000 103029
41000 106010
42000 110108
43000 112103
44000 114494
45000 117088
46000 120012
47000 122901
48000 124520
49000 125829
50000 128628
51000 131245
52000 132463
53000 134296
54000 137305
55000 140300
56000 142597
57000 145654
58000 146792
59000 149693
60000 153524
61000 156895
62000 159663
63000 163219
64000 166248
65000 168424
66000 171562
67000 174536
68000 177367
69000 180711
70000 183798
71000 186834
72000 190609
73000 193240
74000 196258
75000 201097
76000 202217
77000 206781
78000 209751
79000 212700
80000 216018
81000 219534
82000 222617
83000 225094
84000 226403
85000 228983
86000 232084
87000 234204
88000 237593
89000 241937
90000 243890
91000 246731
92000 249861
93000 251765
94000 254288
95000 257339
96000 259903
97000 264019
98000 266947
99000 270055
100000 273128
101000 276349
102000 277416
103000 280158
104000 285273
105000 284889
106000 286957
107000 291689
108000 295007
109000 297631
110000 302082
111000 306731
112000 308034
113000 310683
114000 315044
115000 316277
116000 319827
117000 322960
118000 324448
119000 326754
120000 330619
121000 334181
122000 337126
123000 340156
124000 344072
125000 346122
126000 348309
127000 350368
128000 352329
129000 354824
130000 356220
131000 360024
132000 362844
133000 366156
134000 368546
135000 372568
136000 375880
137000 377858
138000 383243
139000 386987
140000 388648
141000 389316
142000 391000
143000 393800
144000 396026
145000 400065
146000 402423
147000 405249
148000 408909
149000 411443
150000 413179
151000 414193
152000 417496
153000 421413
154000 424815
155000 426766
156000 431046
157000 433095
158000 435679
159000 438316
160000 441014
161000 444157
162000 446357
163000 449773
164000 453677
165000 456111
166000 459173
167000 463245
168000 467548
169000 470977
170000 474025
171000 476900
172000 479403
173000 482434
174000 483796
175000 486694
176000 492105
177000 494707
178000 497200
179000 501241
180000 505008
181000 508208
182000 511496
183000 513182
184000 514737
185000 519394
186000 522255
187000 526387
188000 527865
189000 529926
190000 533221
191000 537724
192000 541191
193000 546496
194000 549099
195000 553003
196000 556121
197000 560157
198000 563604
199000 566086
200000 568131
201000 569784
202000 571605
203000 576016
204000 577083
205000 578199
206000 581750
207000 584865
208000 586079
209000 587744
210000 591679
211000 594482
212000 598812
213000 601508
214000 602733
215000 603305
216000 604161
217000 608400
218000 609576
219000 612247
220000 614977
221000 617449
222000 618711
223000 619336
224000 623049
225000 627031
226000 629379
227000 631894
228000 633374
229000 635823
230000 638292
231000 641699
232000 644954
233000 648164
234000 650829
235000 653251
236000 657350
237000 661208
238000 662361
239000 665357
240000 666694
241000 669916
242000 674358
243000 678005
244000 680987
245000 685157
246000 688661
247000 692147
248000 692544
249000 695458
250000 698369
251000 700624
252000 703881
253000 706978
254000 708554
255000 712551
256000 716108
257000 719025
258000 722572
259000 725715
260000 729464
261000 733912
262000 736042
263000 737773
264000 739974
265000 743071
266000 746795
267000 750694
268000 756025
269000 760301
270000 760719
271000 762706
272000 765634
273000 769639
274000 771846
275000 774354
276000 773483
277000 775443
278000 776768
279000 778715
280000 779417
281000 780619
282000 784536
283000 786408
284000 788481
285000 791645
286000 795112
287000 797988
288000 799023
289000 803532
290000 803246
291000 805279
292000 808618
293000 812853
294000 815476
295000 818439
296000 821498
297000 822812
298000 824215
299000 828310
300000 831432
301000 834505
302000 839527
303000 841652
304000 843880
305000 846277
306000 848929
307000 851786
308000 854038
309000 857088
310000 860811
311000 863595
312000 865352
313000 868957
314000 872592
315000 876073
316000 879365
317000 884285
318000 887986
319000 889374
320000 891883
321000 896273
322000 897881
323000 901156
324000 904038
325000 907202
326000 909342
327000 911664
328000 915530
329000 917893
330000 919665
331000 921743
332000 923647
333000 925632
334000 927893
335000 929943
336000 931582
337000 934626
338000 936318
339000 939689
340000 941100
341000 943697
342000 946234
343000 949187
344000 952851
345000 955055
346000 956338
347000 959220
348000 961735
349000 963814
350000 965877
351000 967779
352000 971465
353000 974279
354000 975184
355000 976582
356000 977742
357000 981518
358000 985811
359000 988683
360000 990637
361000 992632
362000 995795
363000 998639
364000 1002996
365000 1005582
366000 1007345
367000 1012171
368000 1013943
369000 1018329
370000 1021634
371000 1024655
372000 1026861
373000 1029566
374000 1032197
375000 1034903
376000 1037936
377000 1041063
378000 1044315
379000 1046712
380000 1049365
381000 1051906
382000 1054425
383000 1057080
384000 1059581
385000 1063306
386000 1066179
387000 1070169
388000 1072471
389000 1075228
390000 1079955
391000 1084658
392000 1085440
393000 1087675
394000 1090869
395000 1094202
396000 1096784
397000 1097034
398000 1100207
399000 1102973
400000 1107096
401000 1110495
402000 1112477
403000 1116415
404000 1119167
405000 1121437
406000 1125539
407000 1127086
408000 1128881
409000 1131733
410000 1133696
411000 1136946
412000 1142941
413000 1147109
414000 1149804
415000 1152610
416000 1157122
417000 1159771
418000 1163311
419000 1165492
420000 1168365
421000 1171894
422000 1177759
423000 1183378
424000 1187226
425000 1191603
426000 1192612
427000 1195542
428000 1201594
429000 1202993
430000 1203998
431000 1207814
432000 1212035
433000 1216481
434000 1218290
435000 1221810
436000 1227296
437000 1231840
438000 1236196
439000 1240896
440000 1241781
441000 1245030
442000 1246775
443000 1249491
444000 1251693
445000 1254184
446000 1256208
447000 1259010
448000 1262011
449000 1263768
450000 1265366
451000 1266174
452000 1269339
453000 1273679
454000 1275825
455000 1278943
456000 1284685
457000 1288702
458000 1290459
459000 1292406
460000 1295234
461000 1297422
462000 1299521
463000 1301868
464000 1306651
465000 1310556
466000 1312973
467000 1315481
468000 1316557
469000 1321076
470000 1325582
471000 1329206
472000 1333206
473000 1334744
474000 1340017
475000 1342841
476000 1344507
477000 1347960
478000 1352877
479000 1355090
480000 1359580
481000 1361562
482000 1365298
483000 1369238
484000 1370359
485000 1372194
486000 1376380
487000 1382678
488000 1386039
489000 1386314
490000 1388892
491000 1392246
492000 1397113
493000 1399759
494000 1403499
495000 1406297
496000 1408955
497000 1412480
498000 1418188
499000 1420336