1000 108
2000 186
3000 333
4000 421
5000 421
6000 482
7000 543
8000 1086
9000 1220
10000 1250
11000 1292
12000 1979
13000 1407
14000 1489
15000 1506
16000 1923
17000 1617
18000 1718
19000 1698
20000 2010
21000 2031
22000 1908
23000 1940
24000 2686
25000 2151
26000 2321
27000 2219
28000 2683
29000 3267
30000 2639
31000 2640
32000 4625
33000 3912
34000 4477
35000 4209
36000 3544
37000 3380
38000 3443
39000 4483
40000 6116
41000 4661
42000 5352
43000 3491
44000 5726
45000 4710
46000 4236
47000 3964
48000 5313
49000 4432
50000 4474
51000 4494
52000 6872
53000 5730
54000 5502
55000 6447
56000 7589
57000 7064
58000 7317
59000 7313
60000 7903
61000 7493
62000 7898
63000 9194
64000 12191
65000 7977
66000 8382
67000 6456
68000 10496
69000 8294
70000 7051
71000 7767
72000 10558
73000 9560
74000 10027
75000 9949
76000 8910
77000 11726
78000 12181
79000 10170
80000 15232
81000 10469
82000 11269
83000 9227
84000 12993
85000 12228
86000 12174
87000 12362
88000 12707
89000 11822
90000 12787
91000 10846
92000 12836
93000 13014
94000 13912
95000 13012
96000 14079
97000 10252
98000 10772
99000 13294
100000 14767
101000 12166
102000 13099
103000 12137
104000 11403
105000 10133
106000 11040
107000 11329
108000 12323
109000 10660
110000 10005
111000 9669
112000 13554
113000 10639
114000 11556
115000 11565
116000 15328
117000 13711
118000 10800
119000 11450
120000 12952
121000 11345
122000 12471
123000 11311
124000 12834
125000 17660
126000 13690
127000 14654
128000 16069
129000 16782
130000 22845
131000 16490
132000 17665
133000 14376
134000 15456
135000 16437
136000 15439
137000 15858
138000 22773
139000 19212
140000 15089
141000 16007
142000 18763
143000 14074
144000 19734
145000 16521
146000 15572
147000 18265
148000 17390
149000 16626
150000 15298
151000 16903
152000 18443
153000 17371
154000 16493
155000 15302
156000 19561
157000 18456
158000 16433
159000 16558
160000 23689
161000 16240
162000 20437
163000 17271
164000 20416
165000 17663
166000 21369
167000 17752
168000 27879
169000 20517
170000 21508
171000 19388
172000 23848
173000 17459
174000 24662
175000 17215
176000 21366
177000 20592
178000 17545
179000 21210
180000 19811
181000 21754
182000 20566
183000 18904
184000 20969
185000 20865
186000 20914
187000 19993
188000 27965
189000 21453
190000 19297
191000 20056
192000 24807
193000 18998
194000 20173
195000 20096
196000 24508
197000 20172
198000 21261
199000 20815
200000 22126
201000 21082
202000 22354
203000 19501
204000 23761
205000 22325
206000 23422
207000 22378
208000 26475
209000 21852
210000 23317
211000 21940
212000 24818
213000 27516
214000 25706
215000 23149
216000 25549
217000 24911
218000 23002
219000 25552
220000 23834
221000 27745
222000 26459
223000 23437
224000 28715
225000 22227
226000 24609
227000 21893
228000 24510
229000 28447
230000 24750
231000 23377
232000 27174
233000 24862
234000 27369
235000 26926
236000 28292
237000 29260
238000 29740
239000 37187
240000 40976
241000 30678
242000 27602
243000 31186
244000 41624
245000 36134
246000 31227
247000 25256
248000 40332
249000 31389
250000 36026
251000 31601
252000 38640
253000 28461
254000 39374
255000 37770
256000 47468
257000 33595
258000 32461
259000 30088
260000 33150
261000 32567
262000 36259
263000 37364
264000 38296
265000 38421
266000 35163
267000 33843
268000 40247
269000 37686
270000 35212
271000 92156
272000 52799
273000 34495
274000 34787
275000 37292
276000 33401
277000 38816
278000 34479
279000 32419
280000 43923
281000 32241
282000 32222
283000 29125
284000 31607
285000 30090
286000 38298
287000 36966
288000 45322
289000 35291
290000 37637
291000 40241
292000 40837
293000 34830
294000 34723
295000 31329
296000 42048
297000 34227
298000 33941
299000 29732
300000 33816
301000 32078
302000 31885
303000 35637
304000 38547
305000 36974
306000 31849
307000 35572
308000 34179
309000 32853
310000 32975
311000 32318
312000 36160
313000 38053
314000 34197
315000 31854
316000 35201
317000 34880
318000 36633
319000 38459
320000 45667
321000 32589
322000 34139
323000 32808
324000 35901
325000 38275
326000 34666
327000 34747
328000 45719
329000 35765
330000 35636
331000 32796
332000 40152
333000 36334
334000 40425
335000 39177
336000 48050
337000 34540
338000 36121
339000 34929
340000 41726
341000 38218
342000 35087
343000 34038
344000 40855
345000 38776
346000 36450
347000 37714
348000 38682
349000 36901
350000 39083
351000 36720
352000 48253
353000 41642
354000 37070
355000 40167
356000 43855
357000 37857
358000 36812
359000 36412
360000 45933
361000 37483
362000 40295
363000 37342
364000 40405
365000 38709
366000 38955
367000 38220
368000 47845
369000 39038
370000 39659
371000 46285
372000 41111
373000 41757
374000 43796
375000 41744
376000 43932
377000 39483
378000 41238
379000 39565
380000 41647
381000 40323
382000 41827
383000 43263
384000 57503
385000 40766
386000 40896
387000 41714
388000 42913
389000 42849
390000 40720
391000 43256
392000 47460
393000 39572
394000 42716
395000 39542
396000 43297
397000 40901
398000 42929
399000 41278
400000 50415
401000 40697
402000 45250
403000 41292
404000 48705
405000 52891
406000 42173
407000 49712
408000 47685
409000 43590
410000 47138
411000 41626
412000 48806
413000 43130
414000 42699
415000 47840
416000 52545
417000 45930
418000 45554
419000 41000
420000 46237
421000 47428
422000 47323
423000 44008
424000 50388
425000 87016
426000 50454
427000 42413
428000 46289
429000 44974
430000 44222
431000 44243
432000 51603
433000 44826
434000 43958
435000 44894
436000 49463
437000 47830
438000 44769
439000 52660
440000 50955
441000 45798
442000 49766
443000 45098
444000 48012
445000 46445
446000 48936
447000 48718
448000 62520
449000 47074
450000 48387
451000 45545
452000 50166
453000 47739
454000 45611
455000 46947
456000 54105
457000 46849
458000 49392
459000 46616
460000 54696
461000 48835
462000 54340
463000 47867
464000 58380
465000 47435
466000 49983
467000 49742
468000 52558
469000 55242
470000 57566
471000 51756
472000 54828
473000 48590
474000 49443
475000 48201
476000 52768
477000 51192
478000 49763
479000 48534
480000 62148
481000 49136
482000 54801
483000 48176
484000 52952
485000 51887
486000 50581
487000 47747
488000 56167
489000 51879
490000 53683
491000 50101
492000 54968
493000 53903
494000 57338
495000 51259
496000 62162
497000 58983
498000 52443
499000 60697