1000 2679 
2000 6217 
3000 8386 
4000 14929
5000 16782
6000 19873
7000 21067
8000 35161
9000 27823
10000 35266
11000 31285
12000 44769
13000 45367
14000 46788
15000 45854
16000 80977
17000 53292
18000 61588
19000 59842
20000 78872
21000 86607
22000 71758
23000 71917
24000 108352
25000 80911
26000 94679
27000 80063
28000 109369
29000 98279
30000 102074
31000 103128
32000 191009
33000 106822
34000 117458
35000 114893
36000 140148
37000 136400
38000 130093
39000 139701
40000 188825
41000 164004
42000 169794
43000 125969
44000 167691
45000 148312
46000 159333
47000 143017
48000 255714
49000 153870
50000 174091
51000 165272
52000 211628
53000 207903
54000 180325
55000 169348
56000 251991
57000 186953
58000 210335
59000 191104
60000 234067
61000 205420
62000 223464
63000 219279
64000 433343
65000 208426
66000 236734
67000 210515
68000 265813
69000 249058
70000 242642
71000 226329
72000 322399
73000 249530
74000 276125
75000 237884
76000 302259
77000 265164
78000 296909
79000 257901
80000 419896
81000 267065
82000 332422
83000 273303
84000 361394
85000 366842
86000 282469
87000 270288
88000 395620
89000 293437
90000 319425
91000 276390
92000 356355
93000 319236
94000 324903
95000 321517
96000 567019
97000 307803
98000 335527
99000 312920
100000 397174
101000 369525
102000 351010
103000 337720
104000 483773
105000 370379
106000 414094
107000 333069
108000 416629
109000 374894
110000 381683
111000 367823
112000 578094
113000 370234
114000 405453
115000 383607
116000 473217
117000 456999
118000 404602
119000 392402
120000 556795
121000 412772
122000 450320
123000 412488
124000 509856
125000 456570
126000 467009
127000 524653
128000 955784
129000 410900
130000 468113
131000 410639
132000 536146
133000 475870
134000 468858
135000 425587
136000 625175
137000 473684
138000 527501
139000 417860
140000 557582
141000 496079
142000 508248
143000 478763
144000 751399
145000 476386
146000 537947
147000 466171
148000 616563
149000 624500
150000 509409
151000 470136
152000 700001
153000 517645
154000 567468
155000 489061
156000 644001
157000 542859
158000 568508
159000 540526
160000 950310
161000 524959
162000 578983
163000 506209
164000 702357
165000 620560
166000 589120
167000 554610
168000 815612
169000 598109
170000 734489
171000 524733
172000 671191
173000 591534
174000 595640
175000 562533
176000 916355
177000 590563
178000 626200
179000 588768
180000 728766
181000 709247
182000 621796
183000 595688
184000 826395
185000 641565
186000 691217
187000 584664
188000 749910
189000 665972
190000 693696
191000 679815
192000 1325230
193000 648741
194000 675452
195000 625477
196000 778373
197000 739202
198000 692358
199000 649419
200000 919495
201000 706689
202000 783165
203000 643121
204000 811630
205000 758473
206000 729043
207000 722595
208000 1117705
209000 791335
210000 791163
211000 736048
212000 903845
213000 1232030
214000 726903
215000 677225
216000 989346
217000 722308
218000 788921
219000 679159
220000 879846
221000 764255
222000 794490
223000 779960
224000 1342862
225000 729684
226000 802351
227000 711027
228000 922250
229000 858958
230000 837097
231000 755000
232000 1083488
233000 848745
234000 930869
235000 730042
236000 932672
237000 812161
238000 880468
239000 783438
240000 1294406
241000 782138
242000 895885
243000 791487
244000 996111
245000 960981
246000 901912
247000 801863
248000 1151847
249000 832638
250000 954144
251000 832829
252000 1046662
253000 930099
254000 1058804
255000 966581
256000 2116097
257000 831375
258000 917206
259000 821623
260000 1055169
261000 935238
262000 911352
263000 893522
264000 1220635
265000 918174
266000 1007370
267000 843232
268000 1050157
269000 938145
270000 958464
271000 917866
272000 1446433
273000 931954
274000 1019126
275000 915460
276000 1149291
277000 1171729
278000 957585
279000 940478
280000 1267137
281000 958008
282000 1042740
283000 917753
284000 1133325
285000 996481
286000 1034044
287000 1037843
288000 1732026
289000 974862
290000 1025179
291000 961556
292000 1183813
293000 1117412
294000 1036154
295000 1078996
296000 1404061
297000 1138412
298000 1265174
299000 925567
300000 1183010
301000 1026456
302000 1039828
303000 1005492
304000 1649200
305000 1017079
306000 1102931
307000 1021697
308000 1266046
309000 1210979
310000 1082201
311000 1000056
312000 1465331
313000 1072960
314000 1178314
315000 987420
316000 1284502
317000 1122886
318000 1161008
319000 1148391
320000 2141384
321000 1050787
322000 1158352
323000 1036763
324000 1315853
325000 1196900
326000 1127852
327000 1039024
328000 1573060
329000 1126312
330000 1285549
331000 1050844
332000 1352927
333000 1145322
334000 1211166
335000 1138610
336000 1846131
337000 1166721
338000 1277460
339000 1138329
340000 1558274
341000 1549586
342000 1165825
343000 1097597
344000 1556862
345000 1146625
346000 1275202
347000 1106398
348000 1387454
349000 1254577
350000 1243738
351000 1215401
352000 2092691
353000 1160587
354000 1257481
355000 1143705
356000 1425898
357000 1342115
358000 1271237
359000 1206865
360000 1685609
361000 1317214
362000 1457246
363000 1156962
364000 1433486
365000 1277522
366000 1298675
367000 1251727
368000 1937677
369000 1274079
370000 1350334
371000 1225044
372000 1547695
373000 1474209
374000 1306104
375000 1262648
376000 1730689
377000 1379649
378000 1422458
379000 1274133
380000 1554402
381000 1451149
382000 1430237
383000 1501566
384000 2927046
385000 1243380
386000 1410633
387000 1225378
388000 1540369
389000 1416841
390000 1378933
391000 1292040
392000 1823310
393000 1327170
394000 1528972
395000 1250404
396000 1574945
397000 1386583
398000 1419643
399000 1321410
400000 2095891
401000 1353482
402000 1480598
403000 1371330
404000 1717079
405000 1708115
406000 1416124
407000 1330933
408000 1900555
409000 1359664
410000 1649773
411000 1387995
412000 1660327
413000 1451362
414000 1537923
415000 1457916
416000 2531464
417000 1398225
418000 1597623
419000 1374794
420000 1756976
421000 1592669
422000 1570343
423000 1430544
424000 2032742
425000 1544148
426000 2424065
427000 1351596
428000 1725087
429000 1507337
430000 1508780
431000 1451000
432000 2276162
433000 1461802
434000 1564841
435000 1422011
436000 1777521
437000 1729429
438000 1503185
439000 1448352
440000 2033441
441000 1468187
442000 1651278
443000 1467879
444000 1777788
445000 1583288
446000 1674443
447000 1640858
448000 3004808
449000 1488154
450000 1603179
451000 1505711
452000 1817825
453000 1674981
454000 1599759
455000 1600287
456000 2148415
457000 1592743
458000 1791441
459000 1578759
460000 1834820
461000 1637939
462000 1638871
463000 1621860
464000 2472745
465000 1655532
466000 1778233
467000 1776325
468000 2023140
469000 2281885
470000 1636840
471000 1534845
472000 2139152
473000 1589108
474000 1738075
475000 1490136
476000 1960230
477000 1677988
478000 1721363
479000 1632331
480000 2907931
481000 1597345
482000 1732250
483000 1531865
484000 1970458
485000 1812688
486000 1735461
487000 1636842
488000 2296390
489000 1707757
490000 1978950
491000 1531068
492000 2014166
493000 1704632
494000 1758907
495000 1643040
496000 2688482
497000 1681457
498000 1835609
499000 1657901