1000 0
2000 0
3000 1
4000 2
5000 2
6000 3
7000 4
8000 5
9000 7
10000 8
11000 10
12000 12
13000 14
14000 16
15000 19
16000 21
17000 24
18000 24
19000 29
20000 30
21000 49
22000 37
23000 48
24000 45
25000 50
26000 53
27000 57
28000 63
29000 66
30000 71
31000 74
32000 79
33000 81
34000 86
35000 89
36000 95
37000 103
38000 104
39000 111
40000 119
41000 123
42000 127
43000 134
44000 140
45000 236
46000 157
47000 158
48000 167
49000 173
50000 178
51000 185
52000 194
53000 201
54000 209
55000 219
56000 227
57000 232
58000 243
59000 248
60000 261
61000 345
62000 277
63000 283
64000 293
65000 306
66000 294
67000 480
68000 309
69000 320
70000 332
71000 339
72000 348
73000 355
74000 370
75000 382
76000 384
77000 400
78000 411
79000 419
80000 439
81000 442
82000 452
83000 459
84000 477
85000 484
86000 492
87000 697
88000 819
89000 865
90000 541
91000 553
92000 569
93000 575
94000 666
95000 607
96000 618
97000 628
98000 782
99000 980