1000 1
2000 5
3000 12
4000 20
5000 32
6000 47
7000 66
8000 92
9000 124
10000 148
11000 173
12000 202
13000 258
14000 260
15000 295
16000 437
17000 489
18000 371
19000 445
20000 576
21000 532
22000 779
23000 624
24000 709
25000 817
26000 845
27000 896
28000 949
29000 1010
30000 1048
31000 1225
32000 1535
33000 1453
34000 1371
35000 1547
36000 1525
37000 1728
38000 1696
39000 1846
40000 1883
41000 1999
42000 2210
43000 2226
44000 2299
45000 2470
46000 2507
47000 2588
48000 2855
49000 2930
50000 2998
51000 3085
52000 3151
53000 3493
54000 3463
55000 3598
56000 3657
57000 4048
58000 3941
59000 4315
60000 4177
61000 4456
62000 4480
63000 4746
64000 4792
65000 5317
66000 5109
67000 5390
68000 5540
69000 7969
70000 6842
71000 6368
72000 6150
73000 6201
74000 6485
75000 6731
76000 7146
77000 7124
78000 7249
79000 7527
80000 7669
81000 8014
82000 8002
83000 8246
84000 8392
85000 8503
86000 10704
87000 9540
88000 9957
89000 10176
90000 10507
91000 10069
92000 10064
93000 12296
94000 11558
95000 10319
96000 10528
97000 10902
98000 11009
99000 11390