1000 3
2000 9
3000 17
4000 57
5000 43
6000 80
7000 105
8000 112
9000 141
10000 176
11000 219
12000 256
13000 383
14000 347
15000 393
16000 460
17000 528
18000 632
19000 645
20000 799
21000 779
22000 900
23000 1033
24000 1043
25000 1247
26000 1253
27000 1380
28000 1457
29000 1565
30000 1681
31000 1711
32000 1885
33000 2005
34000 2180
35000 2256
36000 2398
37000 2549
38000 2636
39000 2766
40000 3031
41000 2966
42000 3257
43000 3345
44000 3567
45000 3728
46000 3893
47000 4068
48000 4251
49000 4407
50000 4517
51000 4719
52000 4964
53000 5106
54000 5363
55000 5579
56000 5891
57000 6011
58000 6168
59000 6504
60000 6612
61000 6855
62000 7140
63000 7301
64000 7501
65000 7662
66000 7928
67000 8330
68000 8406
69000 8675
70000 8982
71000 9205
72000 9403
73000 9536
74000 10111
75000 10342
76000 10614
77000 11321
78000 11697
79000 11682
80000 11618
81000 12232
82000 12291
83000 12760
84000 13250
85000 13262
86000 13475
87000 13848
88000 14130
89000 14384
90000 14927
91000 15115
92000 16184
93000 16777
94000 16264
95000 16437
96000 16797
97000 17142
98000 17619
99000 17897